3.25	2.22E-05	1.10E-06	2.54E-05
3.75	9.84E-06	5.41E-07	8.74E-06
4.25	4.38E-06	2.94E-07	3.19E-06
4.75	1.64E-06	1.74E-07	1.17E-06
5.25	9.82E-07	1.10E-07	5.34E-07
5.75	5.24E-07	7.15E-08	2.54E-07
6.25	3.03E-07	4.85E-08	1.27E-07
6.75	2.42E-07	3.51E-08	7.85E-08
7.25	8.90E-08	2.39E-08	3.62E-08
7.75	1.13E-07	2.03E-08	2.84E-08
8.25	6.68E-08	1.49E-08	1.71E-08
8.75	3.30E-08	1.10E-08	9.51E-09
9.25	2.57E-08	8.73E-09	6.47E-09
9.75	2.16E-08	6.76E-09	4.97E-09
11		1.17E-08	2.02E-09	2.31E-09
13		1.83E-09	9.05E-10	4.61E-10
15		2.04E-09	6.55E-10	3.42E-10